0 1.987	1.24161	3.21	-19.4925	
0.01 1.987	1.27224	3.21	-19.4925	
0.02 1.987	1.30189	3.21	-19.4925	
0.03 1.987	1.33055	3.21	-19.4925	
0.04 1.987	1.35824	3.21	-19.4925	
0.05 1.987	1.38494	3.21	-19.4925	
0.06 1.987	1.41067	3.21	-19.4925	
0.07 1.987	1.43541	3.21	-19.4925	
0.08 1.987	1.45917	3.21	-19.4925	
0.09 1.987	1.48195	3.21	-19.4925	
0.1 1.987	1.50375	3.21	-19.4925	
0.11 1.987	1.52457	3.21	-19.4925	
0.12 1.987	1.54441	3.21	-19.4925	
0.13 1.987	1.56326	3.21	-19.4925	
0.14 1.987	1.58114	3.21	-19.4925	
0.15 1.987	1.59803	3.21	-19.4925	
0.16 1.987	1.61395	3.21	-19.4925	
0.17 1.987	1.62888	3.21	-19.4925	
0.18 1.987	1.64283	3.21	-19.4925	
0.19 1.987	1.6558	3.21	-19.4925	
0.2 1.987	1.66779	3.21	-19.4925	
0.21 1.987	1.6788	3.21	-19.4925	
0.22 1.987	1.68883	3.21	-19.4925	
0.23 1.987	1.69787	3.21	-19.4925	
0.24 1.987	1.70594	3.21	-19.4925	
0.25 1.987	1.71302	3.21	-19.4925	
0.26 1.987	1.71913	3.21	-19.4925	
0.27 1.987	1.72425	3.21	-19.4925	
0.28 1.987	1.72839	3.21	-19.4925	
0.29 1.987	1.73155	3.21	-19.4925	
0.3 1.987	1.73373	3.21	-19.4925	
0.31 1.987	1.73493	3.21	-19.4925	
0.32 1.987	1.73515	3.21	-19.4925	
0.33 1.987	1.73438	3.21	-19.4925	
0.34 1.987	1.73264	3.21	-19.4925	
0.35 1.987	1.72991	3.21	-19.4925	
0.36 1.987	1.72621	3.21	-19.4925	
0.37 1.987	1.72152	3.21	-19.4925	
0.38 1.987	1.71585	3.21	-19.4925	
0.39 1.987	1.7092	3.21	-19.4925	
0.4 1.987	1.70157	3.21	-19.4925	
0.41 1.987	1.69296	3.21	-19.4925	
0.42 1.987	1.68337	3.21	-19.4925	
0.43 1.987	1.67279	3.21	-19.4925	
0.44 1.987	1.66124	3.21	-19.4925	
0.45 1.987	1.6487	3.21	-19.4925	
0.46 1.987	1.63519	3.21	-19.4925	
0.47 1.987	1.62069	3.21	-19.4925	
0.48 1.987	1.60521	3.21	-19.4925	
0.49 1.987	1.58875	3.21	-19.4925	
0.5 1.987	1.57131	3.21	-19.4925	
0.51 1.987	1.55289	3.21	-19.4925	
0.52 1.987	1.53349	3.21	-19.4925	
0.53 1.987	1.5131	3.21	-19.4925	
0.54 1.987	1.49174	3.21	-19.4925	
0.55 1.987	1.46939	3.21	-19.4925	
0.56 1.987	1.44607	3.21	-19.4925	
0.57 1.987	1.42176	3.21	-19.4925	
0.58 1.987	1.39647	3.21	-19.4925	
0.59 1.987	1.3702	3.21	-19.4925	
0.6 1.987	1.34295	3.21	-19.4925	
0.61 1.987	1.31472	3.21	-19.4925	
0.62 1.987	1.28551	3.21	-19.4925	
0.63 1.987	1.25531	3.21	-19.4925	
0.64 1.987	1.22414	3.21	-19.4925	
0.65 1.987	1.19198	3.21	-19.4925	
0.66 1.987	1.15885	3.21	-19.4925	
0.67 1.987	1.12473	3.21	-19.4925	
0.68 1.987	1.08963	3.21	-19.4925	
0.69 1.987	1.05355	3.21	-19.4925	
0.7 1.987	1.01649	3.21	-19.4925	
0.71 1.987	0.978448	3.21	-19.4925	
0.72 1.987	0.939426	3.21	-19.4925	
0.73 1.987	0.899422	3.21	-19.4925	
0.74 1.987	0.858438	3.21	-19.4925	
0.75 1.987	0.816472	3.21	-19.4925	
0.76 1.987	0.773526	3.21	-19.4925	
0.77 1.987	0.729598	3.21	-19.4925	
0.78 1.987	0.68469	3.21	-19.4925	
0.79 1.987	0.6388	3.21	-19.4925	
0.8 1.987	0.59193	3.21	-19.4925	
0.81 1.987	0.544078	3.21	-19.4925	
0.82 1.987	0.495246	3.21	-19.4925	
0.83 1.987	0.445432	3.21	-19.4925	
0.84 1.987	0.394638	3.21	-19.4925	
0.85 1.987	0.342862	3.21	-19.4925	
0.86 1.987	0.290106	3.21	-19.4925	
0.87 1.987	0.236368	3.21	-19.4925	
0.88 1.987	0.18165	3.21	-19.4925	
0.89 1.987	0.12595	3.21	-19.4925	
0.9 1.987	0.0692695	3.21	-19.4925	
0.91 1.987	0.011608	3.21	-19.4925	
0.92 1.987	-0.0470345	3.21	-19.4925	
0.93 1.987	-0.106658	3.21	-19.4925	
0.94 1.987	-0.167262	3.21	-19.4925	
0.95 1.987	-0.228848	3.21	-19.4925	
0.96 1.987	-0.291414	3.21	-19.4925	
0.97 1.987	-0.354962	3.21	-19.4925	
0.98 1.987	-0.41949	3.21	-19.4925	
0.99 1.987	-0.485	3.21	-19.4925	
1 1.987	-0.55149	3.21	-19.4925	
1.01 1.987	-0.618962	3.21	-19.4925	
1.02 1.987	-0.687414	3.21	-19.4925	
1.03 1.987	-0.756848	3.21	-19.4925	
1.04 1.987	-0.827262	3.21	-19.4925	
1.05 1.987	-0.898658	3.21	-19.4925	
1.06 1.987	-0.971034	3.21	-19.4925	
1.07 1.987	-1.04439	3.21	-19.4925	
1.08 1.987	-1.11873	3.21	-19.4925	
1.09 1.987	-1.19405	3.21	-19.4925	
1.1 1.987	-1.27035	3.21	-19.4925	
1.11 1.987	-1.34763	3.21	-19.4925	
1.12 1.987	-1.42589	3.21	-19.4925	
1.13 1.987	-1.50514	3.21	-19.4925	
1.14 1.987	-1.58536	3.21	-19.4925	
1.15 1.987	-1.66657	3.21	-19.4925	
1.16 1.987	-1.74875	3.21	-19.4925	
1.17 1.987	-1.83192	3.21	-19.4925	
1.18 1.987	-1.91607	3.21	-19.4925	
1.19 1.987	-2.0012	3.21	-19.4925	
1.2 1.987	-2.08731	3.21	-19.4925	
1.21 1.987	-2.1744	3.21	-19.4925	
1.22 1.987	-2.26247	3.21	-19.4925	
1.23 1.987	-2.35153	3.21	-19.4925	
1.24 1.987	-2.44156	3.21	-19.4925	
1.25 1.987	-2.53258	3.21	-19.4925	
1.26 1.987	-2.62457	3.21	-19.4925	
1.27 1.987	-2.71755	3.21	-19.4925	
1.28 1.987	-2.81151	3.21	-19.4925	
1.29 1.987	-2.90645	3.21	-19.4925	
1.3 1.987	-3.00237	3.21	-19.4925	
1.31 1.987	-3.09927	3.21	-19.4925	
1.32 1.987	-3.19715	3.21	-19.4925	
1.33 1.987	-3.29602	3.21	-19.4925	
1.34 1.987	-3.39586	3.21	-19.4925	
1.35 1.987	-3.49669	3.21	-19.4925	
1.36 1.987	-3.59849	3.21	-19.4925	
1.37 1.987	-3.70128	3.21	-19.4925	
1.38 1.987	-3.80505	3.21	-19.4925	
1.39 1.987	-3.9098	3.21	-19.4925	
1.4 1.987	-4.01553	3.21	-19.4925	
1.41 1.987	-4.12224	3.21	-19.4925	
1.42 1.987	-4.22993	3.21	-19.4925	
1.43 1.987	-4.33861	3.21	-19.4925	
1.44 1.987	-4.44826	3.21	-19.4925	
1.45 1.987	-4.5589	3.21	-19.4925	
1.46 1.987	-4.67051	3.21	-19.4925	
1.47 1.987	-4.78311	3.21	-19.4925	
1.48 1.987	-4.89669	3.21	-19.4925	
1.49 1.987	-5.01125	3.21	-19.4925	
1.5 1.987	-5.12679	3.21	-19.4925	
1.51 1.987	-5.24331	3.21	-19.4925	
1.52 1.987	-5.36081	3.21	-19.4925	
1.53 1.987	-5.4793	3.21	-19.4925	
1.54 1.987	-5.59876	3.21	-19.4925	
1.55 1.987	-5.71921	3.21	-19.4925	
1.56 1.987	-5.84063	3.21	-19.4925	
1.57 1.987	-5.96304	3.21	-19.4925	
1.58 1.987	-6.08643	3.21	-19.4925	
1.59 1.987	-6.2108	3.21	-19.4925	
1.6 1.987	-6.33615	3.21	-19.4925	
1.61 1.987	-6.46248	3.21	-19.4925	
1.62 1.987	-6.58979	3.21	-19.4925	
1.63 1.987	-6.71809	3.21	-19.4925	
1.64 1.987	-6.84736	3.21	-19.4925	
1.65 1.987	-6.97762	3.21	-19.4925	
1.66 1.987	-7.10885	3.21	-19.4925	
1.67 1.987	-7.24107	3.21	-19.4925	
1.68 1.987	-7.37427	3.21	-19.4925	
1.69 1.987	-7.50845	3.21	-19.4925	
1.7 1.987	-7.64361	3.21	-19.4925	
1.71 1.987	-7.77975	3.21	-19.4925	
1.72 1.987	-7.91687	3.21	-19.4925	
1.73 1.987	-8.05498	3.21	-19.4925	
1.74 1.987	-8.19406	3.21	-19.4925	
1.75 1.987	-8.33413	3.21	-19.4925	
1.76 1.987	-8.47517	3.21	-19.4925	
1.77 1.987	-8.6172	3.21	-19.4925	
1.78 1.987	-8.76021	3.21	-19.4925	
1.79 1.987	-8.9042	3.21	-19.4925	
1.8 1.987	-9.04917	3.21	-19.4925	
1.81 1.987	-9.19512	3.21	-19.4925	
1.82 1.987	-9.34205	3.21	-19.4925	
1.83 1.987	-9.48997	3.21	-19.4925	
1.84 1.987	-9.63886	3.21	-19.4925	
1.85 1.987	-9.78874	3.21	-19.4925	
1.86 1.987	-9.93959	3.21	-19.4925	
1.87 1.987	-10.0914	3.21	-19.4925	
1.88 1.987	-10.2443	3.21	-19.4925	
1.89 1.987	-10.398	3.21	-19.4925	
1.9 1.987	-10.5528	3.21	-19.4925	
1.91 1.987	-10.7086	3.21	-19.4925	
1.92 1.987	-10.8653	3.21	-19.4925	
1.93 1.987	-11.0231	3.21	-19.4925	
1.94 1.987	-11.1818	3.21	-19.4925	
1.95 1.987	-11.3414	3.21	-19.4925	
1.96 1.987	-11.5021	3.21	-19.4925	
1.97 1.987	-11.6638	3.21	-19.4925	
1.98 1.987	-11.8264	3.21	-19.4925	
1.99 1.987	-11.99	3.21	-19.4925	
2 1.987	-12.1546	3.21	-19.4925	
2.01 1.987	-12.3202	3.21	-19.4925	
2.02 1.987	-12.4867	3.21	-19.4925	
2.03 1.987	-12.6542	3.21	-19.4925	
2.04 1.987	-12.8228	3.21	-19.4925	
2.05 1.987	-12.9923	3.21	-19.4925	
2.06 1.987	-13.1627	3.21	-19.4925	
2.07 1.987	-13.3342	3.21	-19.4925	
2.08 1.987	-13.5066	3.21	-19.4925	
2.09 1.987	-13.68	3.21	-19.4925	
2.1 1.987	-13.8545	3.21	-19.4925	
2.11 1.987	-14.0298	3.21	-19.4925	
2.12 1.987	-14.2062	3.21	-19.4925	
2.13 1.987	-14.3835	3.21	-19.4925	
2.14 1.987	-14.5619	3.21	-19.4925	
2.15 1.987	-14.7412	3.21	-19.4925	
2.16 1.987	-14.9215	3.21	-19.4925	
2.17 1.987	-15.1027	3.21	-19.4925	
2.18 1.987	-15.285	3.21	-19.4925	
2.19 1.987	-15.4682	3.21	-19.4925	
2.2 1.987	-15.6524	3.21	-19.4925	
2.21 1.987	-15.8376	3.21	-19.4925	
2.22 1.987	-16.0238	3.21	-19.4925	
2.23 1.987	-16.2109	3.21	-19.4925	
2.24 1.987	-16.3991	3.21	-19.4925	
2.25 1.987	-16.5882	3.21	-19.4925	
2.26 1.987	-16.7783	3.21	-19.4925	
2.27 1.987	-16.9694	3.21	-19.4925	
2.28 1.987	-17.1614	3.21	-19.4925	
2.29 1.987	-17.3544	3.21	-19.4925	
2.3 1.987	-17.5485	3.21	-19.4925	
2.31 1.987	-17.7435	3.21	-19.4925	
2.32 1.987	-17.9395	3.21	-19.4925	
2.33 1.987	-18.1364	3.21	-19.4925	
2.34 1.987	-18.3344	3.21	-19.4925	
